Al      -0.000001865  -0.000001225  -0.000001187
Al      -0.000001422   1.984052165   1.984052890
Al       2.021466105  -0.000001218   1.956686493
Al       2.021465616   1.956686357  -0.000001251
Al      -0.000001145  -0.000001320   3.978153457
Al      -0.000001371   1.984052053   5.972254522
Al       2.021466049  -0.000001195   5.999621050
Al       1.994099302   1.984052268   3.978153662
Al      -0.000001100   3.978153571  -0.000001381
Al      -0.000001363   5.972255149   1.984052709
Al       1.994098847   3.978153643   1.984053053
Al       2.021465512   5.999621237  -0.000001235
Al      -0.000001402   3.978153529   3.978153566
Al      -0.000001361   5.972255278   5.972254713
Al       1.994098951   3.978153623   5.972254361
Al       1.994099550   5.972255135   3.978153648
Al       3.978154007   1.956686201   1.956687207
Al       5.934841911  -0.000001209   1.956686752
Al       5.934842203   1.956686515  -0.000001219
Al       3.978153677  -0.000001301   3.978153773
Al       3.978153970   1.956686253   5.999620337
Al       5.934841929  -0.000001235   5.999620809
Al       5.962208685   1.984052271   3.978153638
Al       3.978153823   3.978153683  -0.000001195
Al       3.978154010   5.999621452   1.956687247
Al       5.962208990   3.978153620   1.984052992
Al       5.934842300   5.999621033  -0.000001240
Al       3.978154282   3.978153549   3.978153473
Al       3.978154030   5.999621391   5.999620289
Al       5.962208867   3.978153634   5.972254418
Al       5.962208412   5.972255091   3.978153650