Al       0.113124615  -0.033481620   0.092698457
Al       0.107779166   1.885197776   1.639146454
Al       2.335032130   0.111181556   1.906158475
Al       2.239094265   1.885957327  -0.013519871
Al      -0.019245824   0.093296541   4.035691866
Al      -0.030301828   2.053764522   5.687466086
Al       2.181139254   0.100900319   5.895378238
Al       2.217968280   1.964389195   3.877445019
Al      -0.007515932   3.773577378  -0.095061606
Al       0.163521878   5.992712375   1.912909158
Al       1.633641416   4.030884443   1.771294909
Al       2.355221855   6.224768897  -0.101820075
Al       0.082767020   4.052466018   3.968285079
Al       0.114787502   6.040628619   6.078445345
Al       1.981141495   4.056389701   6.088025169
Al       2.046570401   5.865710093   3.952489195
Al       3.920422730   2.119198877   1.953602522
Al       6.096291716   0.010273176   1.973676966
Al       5.799207583   1.718260086  -0.103007216
Al       3.998710597   0.058097318   3.923178501
Al       4.151491065   2.004612242   5.934532845
Al       6.077058862  -0.007991499   6.233542118
Al       6.071903575   2.064390822   3.730403769
Al       3.946413395   4.261362493   0.172883067
Al       4.217984095   6.121664619   1.866697109
Al       6.107112601   4.059490394   1.927585748
Al       6.267952302   5.959640124  -0.041870919
Al       3.808219353   3.999272462   3.762894962
Al       4.021889873   6.079429898   5.860255502
Al       6.094696786   3.906927806   6.004759380
Al       6.074299771   6.414218043   4.065923748