Al       0.381793509   0.346794542  -0.324554936
Al       0.252966360   1.872843472   1.965417419
Al       2.076743106  -0.281775212   1.595771855
Al       2.371339113   2.254384786  -0.072602350
Al       0.144734352   0.276529112   3.960441197
Al      -0.097944009   1.600429935   5.777595833
Al       2.188396508   0.287724915   5.893244667
Al       2.334722085   2.127208904   3.872800614
Al      -0.375490049   3.852874174   0.078920072
Al      -0.401667965   6.253089376   2.190272650
Al       2.131684820   3.664750342   2.333768022
Al       2.357854588   6.021301396  -0.374108482
Al      -0.367312467   4.330134296   3.745467183
Al       0.172116592   6.233290795   5.628788157
Al       1.908867180   4.247610466   5.865214123
Al       2.151094559   5.753806282   3.819430079
Al       3.903225266   2.022022246   1.792314377
Al       6.253207148   0.148435025   2.307567976
Al       6.074023554   2.232152321   0.191293270
Al       3.871341071  -0.137604789   4.204514683
Al       3.902591441   1.905737901   6.023458289
Al       6.164645280   0.300640697   6.208975079
Al       5.916650467   2.136720080   4.188574689
Al       4.221871142   4.359892166  -0.373024305
Al       4.220332708   5.974777745   1.684975167
Al       6.303328080   4.151222089   1.922421301
Al       6.163868511   5.851907130   0.071180593
Al       3.895924740   4.017942635   4.227726489
Al       4.030361003   5.731224560   5.652960090
Al       5.972072084   3.720142475   5.865938988
Al       6.045039224   5.610980135   4.035347211