Al      -0.000001715  -0.000001169  -0.000001258
Al      -0.000001251   1.986321500   1.986321710
Al       2.025170979  -0.000001281   1.952981265
Al       2.025170233   1.952981839  -0.000001313
Al      -0.000001028  -0.000001528   3.978153424
Al      -0.000001271   1.986321268   5.969985782
Al       2.025170662  -0.000001267   6.003326374
Al       1.991830187   1.986321808   3.978153637
Al      -0.000001021   3.978153335  -0.000001537
Al      -0.000001232   5.969986016   1.986321451
Al       1.991830279   3.978153620   1.986322034
Al       2.025169907   6.003325752  -0.000001303
Al      -0.000001152   3.978153511   3.978153511
Al      -0.000001273   5.969986261   5.969986044
Al       1.991830505   3.978153618   5.969985485
Al       1.991830443   5.969985731   3.978153632
Al       3.978153769   1.952980731   1.952980725
Al       5.931136942  -0.000001274   1.952981328
Al       5.931137670   1.952981907  -0.000001333
Al       3.978153492  -0.000001211   3.978153811
Al       3.978153789   1.952981046   6.003326935
Al       5.931137250  -0.000001277   6.003326310
Al       5.964477907   1.986321717   3.978153659
Al       3.978153505   3.978153806  -0.000001283
Al       3.978153758   6.003326890   1.952981038
Al       5.964477805   3.978153609   1.986321942
Al       5.931137983   6.003325693  -0.000001346
Al       3.978153875   3.978153322   3.978153388
Al       3.978153801   6.003326581   6.003326625
Al       5.964477560   3.978153625   5.969985589
Al       5.964477639   5.969985825   3.978153675